24.565579086497753
-0.7363982967650989
0.7571832069120167
-2.053765472037932
1.111780794208607
-1.040037717600469
0.1930885484294928
-0.18318004968049148
-4.395990230851555
-1.5921663849431698
-2.3218789612988657
0.11831542824165771
-3.116958056831838
-5.2546502133230035
-0.9399713329830587
-0.1182266578759451
-1.5349061975151268
-0.4081700596019981
0.9272876965249918
-1.8988076726241323
-0.31570489241903804
4.561091994533227
0.09082826362870693
1.7638054845115374
2.6535488748928815
-0.5223188382003472
-1.466901553046102
0.5369141326250993
-0.011816938079889953
-1.9532901138596253
-0.2630305817015402
-2.0441811347291945
-4.462954317580615
-0.43652995224796304
0.4626112172757594
-478.8216947974523
4.045110048451225
-32.59582360449063
-0.2711009192928501
0.9353837066859819
1.7795390959946833
-2.638738000627803
-84.90473249689943
-0.08777438265760716
-0.44394021741015904
0.3926242412993203
-0.031937672073466615
0.21146075096976866
-0.06878824461015286
-0.9248994934426498
0.5271168181795456
-0.42956202068223587
1.1912330417683623
-1.2333755873447738
-0.8017332077373872
-0.48755581723986774
-0.33384817661881333
-0.20387570588960552
-3.2506519160791623
-4.910327566550359
-1.2897150437549998
-7.144749257529322
-0.7334916627697611
1.8908263917575328
5.34456992538034
0.33685383455059587
-0.17773073974083126
-3.688758770553814
-15.860386060304052
-0.17855948793505394
0.7023403320754644
0.1237243848902897
-0.15129549003782503
1.6296052107631824
-1.918911304629891
3.0797929646191595
11.55773202198279
-0.34023329527212415
-