1.7384715393151278
-0.3863060002356359
-0.40622421296633415
-1.495973904743831
-6.551612372399197
-1.424563613286227
2.5612780153745054
4.371052516013273
0.6530631602320187
0.025670168049405237
-19.198759999140524
-0.5937548611048166
-0.037939384360055235
0.5622839176792751
0.7743810679852109
0.8838322519076639
1.3052361403719541
1.0278687345548208
2.502257717058305
-0.6548716613422367
-0.6204472475268044
0.4291443509551844
0.2325823812262228
-5.572712431297991
1.5811877866202424
-1.1952252859215096
-0.7824820307715784
-0.1665846793336979
0.13344743196027434
-0.13827529264656
10.849716920253593
0.9403895717062315
0.48569818326565806
2.967336099518938
-1.699126356740478
0.7809427484658498
0.45923562317205613
-3.347833871055513
-0.6309368691990987
6.9392560348484675
163.9760793416888
23.814482690549855
1.4859525357550558
-0.1505548280091493
1.9733268841767517
-0.3048397827652797
0.6332317879779293
-0.28890856448026175
0.1518930826078939
3.8305315027510227
-1.9460508372435013
1.3561143061144127
-1.7599002069885465
-0.3123435528112905
-0.575255835238881
7.024791064812177
0.0038561543927507855
1.6038340574254286
-0.28684166364140434
6.061811929025518
3.17432256963187
1.8088795848414863
-2.9719652321963492
-1.3739981116186275
-0.1471833888151936
1.1496454260475808
-1.8123859763325518
-1.4293882582849509
0.23407523498711433
-0.09854066903840535
1.6719732108261145
-2.6494054456195384
1.2022211154425515
-0.8843331428739388
-0.3072260431369884
0.7967441192741812
0.8564749440361024
0.3030283821003398
-0.8432711981319756
0