0.7138498980834239
-0.30746602281115837
0.748956986149943
-0.926937220561397
0.3767704633551927
-0.6903853507391514
-4.298791781976392
-2.0664307188704116
21.36596430376262
0.19388664537479816
0.49576888555069537
0.43380614111632054
185.5300788112007
0.37530326985991574
2.887779933748205
0.10165944423856016
1.8470446170484798
1.0291317473209198
1.511517257531745
-0.9157145455841477
3.008571923727286
0.13472331763314185
-0.6573050745077439
-0.3045197213879862
-1.3876617506845454
-0.9217471422639141
-0.9354358047535803
0.12518549075650043
-0.850549099427786
-3.3247588880824273
-0.8343439547084642
0.46453823365968056
-0.24097697634158904
0.11870988154438045
-0.025995104872763897
-1.6089207922111013
-0.7188371806753703
1.0571289869030942
-0.1829667701416719
9.891660542097894
6.327158387453755
0.8521783115427135
-0.03098678554448466
0.4447210038505056
0.23670942112886467
2.6234586165789247
-0.5945161166953075
-1.8003585014864547
17.317084648568983
0.3046518914309222
-0.20698750740873256
0.38282553409409165
0.09254788089764499
0.6024444104677477
0.17017264204496121
0.0921534503392413
2.2465893985116914
-0.40554310350319633
2.387694454355502
2.283590968064682
1.7844330348263255
-0.10979261487764608
0.1793297321530326
-1.9749078515928324
-4.419473991598317
-0.41300910472662544
3.6998848837965377
1.0710542126653044
0.4129427465016514
0.5678913123622046
-0.15139267653839555
-0.35298371379328236
-7.0997070850443516
10.28085542303488
-0.26578784712770215
1.4826770018683453
-1.1431054727872527
0.22663547739296583
-0.4215811771393993
-0.7182158556398763
-0.6926877980918738
1.0000253595212119
3.160190837809949
4.47559674744683
-1.3083501455207849
-2.2700419681297923
-7.8768458775839765
0.8117304835916384
-0.6010378715143407
1.2821387537489561
0.4001068931277862
6.680128201939924
-1.581581206768277
0.8342951000779008
-3.8326575821980176
-3.9587826165263693
3.4209354713677236
-1.6939447530260199
0.09390108789079063
-6.506566927200281
0.3676615679508033
-2.0993477370225
0.6635369782713914
5.673218416348659
-0.7104288345182893
1.4061431749685054
-2.4424013454891504
-13.10149765582914
-0.6850005948874037
1.4730958574195883
1.3266679863603634
-1.5865021969256008
-0.6261783754420878
1.992155111191893
-0.9860349321058262
0.5491887357296318
15.752047088667467
-14.60097550713041
19.438600922949455
1.7557025985606243
40.509803827794485
0.11329781020582186
-2.6764818763126903
-0.4401120597550986
0.42174572679043126
2.6346368210772746
-3.024158956964654
10.435571485408358
17.394148294730947
-0.6649057296992285
1.1390078800787566
-0.4322895951585707
-0.3646095300165263
3.0017098594148424
1.0655337503767974
3.856999588594502
0.7001486623798701
0.07884770239211204
8.413891063231457
1.1484887094663028
-0.02346638696590393
0.8482616285299506
-0.5333880571275322
0.790975207821628
-0.30820789162450535
-1.6841952209215907
1.401619756801315
477.9767337808998
-4.623689898519186
-2.0021330007058795
-1.4838289112921361
-0.8233761851218319
1.0026829707062939
-1.0051496544729566
-0.5755402327394301
-1.1443926374114446
-1.147932672310101
-6.758670144690452
0.17282085679675133
-2.3486085277688518
0.015546752587300722
-3.846946978312122
-2.837964071901076
0.002813378449521443
-13.96646245601421
26.341702668429985
-1.855913570058312
1.6198332668641562
2.720750813765942
-0.9462405185761008
2.771791332302318
1.279500020992011
0.329606118613879
0.12524348957048193
-0.9190229904899486
-10.87272262319572
-0.09430040972732764
1.670136521183296
0.3751310136811049
0.28397808569771743
0.9676757569898335
52.8844800322246
-0.6327092476358964
0.7661122889606308
0.5010245776143585
-1.1815496940785881
-0.5603513350203807
8.388065495982477
-3.878406693065182
12.567972520983304
-0.2398641018900575
1.987186112075558
3.405354221180767
-0.18465884450025388
0.507689127136619
-0.34438004057197175
-2.9969259812289035
0.08601729330824201
2.5834314303402706
-1.1489529313656572
1.1295555631396372
1.2273866274739786
-1.5023730554896655
-0.5301303047688702
4.901373953221159
1.7577460063662136
-0.5470916891425203
0.1318754373674287
2.2897206285938125
-0.8461988733655709
0.5422415537861612
-7.836024534087636
0.004715086070859186
-2.003770933317551
-0.2850140808875994
0.7367404505939718
-1.9735098307064702
-2.7752155565311876
-5.099301739339168
-1.7201370014778756
1.1636897660411833
-0.04240407633673425
-1.0441850669488386
-5.392147496808873
0.6405345507055109
-2.8060434345315795
-0.6164288411742015
2.1001417414265027
34.4356568077493
-0.7223395693006688
-0.32576469394876995
1.7206799109143862
114.8307605026143
2.9770987659914767
-0.3188120929899001
0.014530362884081015
-0.6138808741618157
-0.3494731907397351
0.10470272109519235
-2.342233231123124
-4.625171378876143
-1.1600770699729064
-0.27607517981955865
-1.0901560143501916
1.397348362994592
-2.1160975972327365
0.5649430547960922
1.599490829252725
2.0649601179940142
-1.1551559847417543
-0.3375154221414076
0.08765208815574753
-22.915271055327693
-1.8590481340019966
-6.946844189352592
0.04856648835913553
3.090377425638337
0.18472115712749648
1.2807028881635638
-0.11322188156691367
0.3085291340386469
4.517127231756144
-1.6321898281964127
-2.7725062537786176
0.9239247191941268
-0.9543726349726898
1.5063017026541143
-28.70959019078974
-2.177261926173358
0.8688986775416392
-0.21682314707061295
-0.2151562670464572
-1.1784391426687117
-1.2318889192737148
0.30224022873110246
0.19252609657018116
0.6731040631921865
1.1094394654353117
-1.2902390738751919
-4.773132526695236
1.2638807676813943
1.458200899097903
0.9043859913137478
3.8285521658685657
-32.89305943814904
0.5739035483121853
-0.20275973623060084
-13.415867292510182
3.128289728929778
-1.6429259025367111
-0.2173865238420358
0.2593095483252614
-0.47615831578908585
0.7036982425215149
-1.4942360328005897
8.612501339218454
-0.4775008134150835
0.17095993713338128
-1.6771631439440573
-2.8071918634767554
1.0855966287291432
0.7499937968605874
-0.8668292732145993
1.3749162233364869
-0.33019528440567275
-0.7761990282896926
0.7147499407113478
-2.5886481230017213
-0.5260938267912414
-7.408073030189949
-1.1796047592482868
0.796747446420758
0.8105537623972519
0.4593237894602177
1.2280719799042852
-0.7336707863974079
-14.828890518210075
-1.335429185441633
-0.587323614446413
-0.9645479245989401
-0.45375616392024454
3.3581914583583163
-0.6841227573247042
1.65438182397121
-0.4924085040861842
5.465941398984696
-0.4868047539829118
-4.2659727352079795
-0.21999963213310694
3.2875933170840312
48.2291877599659
-0.9330974661204068
-0.4628178376558963
0.8945584566933396
-2.778394684092648
0.059416668940737216
-0.06956428173778394
-2.760434489195778
0.13809304035428221
-2.0232411670287553
-2.963781559847966
-2.852428228096312
-0.10857340401120497
2.256296874771309
1.1197241738050512
-0.6568132489098905
-1.113112215554222
0.5898610728751509
0.7907922345916167
-0.17419836990611648
-43.45030149099845
0.4289033711323042
0.19599585491723392
-0.770260418230059
-0.49082370781807416
-1.626275461419171
0.6606704804931619
0.32791484930255066
-1.7555870230486317
0.022822465000541088
0.7472258301405519
-7.323731120333524
1.8984509746120366
-0.44472673426993975
-2.931459961255617
-14.46262560145353
0.4354780236149428
-0.34501369305266466
-0.2696336481500338
0.008333436683314955
-0.2084120762174945
1.0726566832883107
-0.30221226212825275
3.0308698065131248
4.764881132701865
-1.5784475548337111
-5.349007989100696
0.3421611075520457
0.41137512387518943
0.40254516188464334
4.4325538052841
0.7519757089000091
0.04140369599742757
0.11664394597603009
0.628586200872962
-1.952155822154125
2.395317119040546
-2.7695133812152903
-0.9955693911342854
-7.3335284893601616
0.984933157272198
0.765294983633735
-0.5063905438457934
-0.08499562241569375
-0.6202161929685248
-1.1937798751937527
1.0064717514667878
0.30097904404496406
1.0926163224630523
1.79696464551641
-2.5693917582041657
1.298402901639223
-2.0764648516327004
1.3209642491757267
-1.7499790212286934
-2.574501072059928
-2.6194931441408
2.5161411566168765
-0.40839264898871547
-40.33019954907259
-0.1373367383262224
1.269077940652767
0.14920326444159365
1.9115811579397444
-5.833982743565597
-1.1250616711040788
0.36695326860349464
0.5457460175066567
-3.971209459780388
0.39129843342395154
0.7586354120440901
0.3314254865905027
0.7877883756748505
-1.349985320913318
-0.010146214760873224
-0.7021744779940957
-5.3719683116424
2.6177474159746197
6.987609137138183
1.0057158268114328
-3.0635365802005583
7.463480116780272
0.13803635927093733
2.675381531225112
-0.16989379889517303
-0.9800479933488834
1.4872018938056288
11.041721732470966
-1.6595463010507727
-7.964435500586222
-0.6943255843475472
2.3486964165177096
0.6224789570682331
0.6489740748978631
2.1148629424070973
-0.33643090614494636
1.8992632552141662
1.1983692201100966
-5.993169151453823
20.59746313386423
0.6315314156441207
-3.38185488359678
3.8796889954565126
0.8920332549656416
5.470877127848558
-0.4021630387313071
-1.9549669902064613
-0.4062477713467549
-1.5581092967346455
-0.3199837793216049
0.10281983481184877
1.881250054076682
2.673459186525092
-0.9385743371391445
-1.0593666899792988
2.2871813305457938
0.3778071133991358
-2.7364521990791784
-5.433841544578246
0.7027555161300308
-0.8360780000997945
2.249549838454433
0.8600051508153465
0.9865948616093619
-0.5942277126269229
-0.1472804369437448
-1.4350619798479307
-1.9131188414278104
-1.7459535335441854
-0.526777125240166
15.998757623695983
-0.6255949633324359
0.47390517572291274
-4.5240605757147225
-0.7032116057862869
0.8021179336540917
-1.4938365659324784
-1.0696587215122593
-0.48048012172414345
-3.3307319757372817
-1.7151095272931236
-0.17238091241061565
0.401866969693624
0.9100383436078507
-0.9243931937326656
-48.23973858082388
1.2199270530666195
-4.2467322240219145
6.330219030223194
3.4975108304631037
4.106351937317567
-34.667815636998945
-0.8102556522300439
-0.6608929054987602
-0.13654875109148382
1.5748298797382168
-0.8332089349884284
-0.4996703868166622
0.08910101758722712
0.5590321993968174
-3.1787889538774143
1.6146391390525205
-6.300162401134539
0.6570296480016835
0.4376708212836084
-22.38922800501538
1.2128312234830112
-1.6965645390861306
-0.8716365723243091
1.1068379352955995
-1.9814404779431993
-1.591900357670565
-0.3996647998833087
0.015216032003562125
0.6280410853233739
-1.5301616132056652
-2.176522919970537
2.551551726511881
-1.5641276016686387
-1.763775749975648
-1.7144056857017158
0.628979572517839
0.5554424994308058
-0.06971445160380595
-0.3715550098211054
2.4604156896642815
1.2037807446477415
-0.7533722427219086
10.130366380523245
0.25297777717180175
-42.96265775097481
1.0034281513416365
-0.9275782251022072
-35.894934800333395
1.071624699367569
1.3253352038138762
-1.1530663606725204
1.522380469793705
0.267403111272736
-2.8066563060536436
0.30136027055530074
0.2137816009989836
-1.5937857614509625
-0.02382830628330947
-0.6095241467136443
-1.0696426062141533
-7.011897411525672
-15.752754274843925
-0.23278911100921498
-0.15584424657542334
-0.4412613421175225
-0.09453903834565232
2.1848762391722865
0.6440701669688541
-2.8316403887656434
0.0786014223261205
1.0824824995023876
-0.5151506188360472
1.3556091099109393
5.199909742827093
4.918578281541125
3.352105066494382
0.2570990661014747
0.2641325227983885
0.9762612049525136
0.11663694615689434
-1.0061141953029311
10.504077624276931
-4.82191924972587
-8.474311466675175
-1.2679705490719566
-0.5762564050951812
-0.4649238267592376
0.6726637880951178
-0.6917798275581007
2.778663506755376
6.34637998649777
1.616671953647704
-0.055090822137787404
0.5177052021582883
-2.299478578323465
-2.515796595823206
-0.02654520202195859
-2.3296907881391413
-31.66938028367144
-0.7080266936750532
0.695464869530981
-6.1108524786369
0.7573640028864453
5.904871545730954
-0.026748041083741
-2.93505868481121
-11.675807291991706
6.010000644415054
-1.5880371165332812
3.948844262480888
14.869501904023863
0.5866580119579291
-1.382487172256452
-0.6850495321644762
-3.3401433865061914
-0.3929675115835512
0.2670254321769423
0.7197555763714445
0.37652305563622374
-0.9496136434422046
-0.7596246566038247
0.9718016806132055
1.713851714120778
2.2347725745931295
-0.5945137940518517
-1.519250144565402
-4.738341589219676
-0.3993854083486032
-1.1048671322303563
-1.2349773648439646
-1.1571005120279725
2.2921152791044053
-0.23203432168487292
-3.574487787220576
0.3472679969153891
-0.8928956376714133
-0.21279973282000508
-0.19312577274591447
0.051166071937365644
-0.6870138344729161
-0.7363363773303315
-1.4069454291942909
-2.501785803225545
0.7633985121832708
4.7792081446372
-1.822837988405071
1.0262910819444055
-4.333315282027758
-5.381954788880099
10.260975291358642
-0.14150944673405166
-4.000834262686521
-1.0580689533353174
5.084096901029479
-0.7832451604456159
-1.8534999665929002
3.7499355853210314
-0.6560317204279553
1.3197025582984219
-0.3110729244715638
-3.4729438112501287
0.5484404915341753
-0.07237891696930156
0.11459406550879041
0.5665149947282242
1.132674060382983
8.72772512461966
1.2549492058599234
-0.5227332172197034
-1.1929690590877753
3.5167136009936737
1.5778525098102558
-0.12605792628575926
0.3966944578989111
483.3716340776638
2.4208313511503743
-0.3385369786291042
0.21048397087861812
1.0920688085330776
-0.6449691843829691
-0.6174671196201813
-5.238095773211627
-1.2472616542023367
-0.6837262678830098
0.035326487706919
1.2744811899811994
0.05161612676899069
0.6391677113930876
0.2624519649970905
-1.5216891965964539
-0.33795285041276385
0.2498013289988099
4.572434065060659
9.83114081585073
3.729237134660532
0.29452903400938335
0.350348210689256
-0.36378938952794637
-1.170598959655581
0.1979595106118372
-0.5471020534111953
-1.4035938746526013
-1.014769376468114
-0.8559781797703966
-1.396723883454684
-1.0643307664325174
-0.7064677608051595
-0.06364732165897714
0.8216079214985029
-0.6838938032558067
0.19274090495997917
0.957992759689346
0.32984035964112496
-0.4879845752533859
-1.3135678390876198
1.2204786876776665
0.1273483220076188
-0.9358125739749751
0.32873692395032295
-0.8973827842584003
3.8090081249701084
-4.03029059560229
4.002698559834068
-0.4792633811927742
-0.2809236672666331
-2.0794010549159543
0.1469107994692174
-0.3980936210766021
-0.3862579354037036
-4.783999589983691
6.28275537133252
-5.05265388371807
0.5196067040037837
-4.580025794808207
0.16409618741905685
-0.14421558829642242
-1.2294584095481504
0.5899517379538268
-4.706843317778489
0.21437318782973427
-0.923375156063073
1.0312988015520559
-0.20297084227259432
-0.3211193370685176
-0.4199942672059587
-0.3437914848464713
0.03849476619672556
0.4170783636433321
-0.3314633116863804
-2.1866564959395753
-0.20523250226491926
-0.035754698962308304
0.05215033508057141
-0.3434593941186721
-1.2174205169772503
-2.3436657101973632
-1.752242035113745
-0.34046094907500857
-0.527384030845058
3.2289328197480893
0.015389904219575938
6.3936496349956204
29.9151257184047
0.26584027807669985
0.9113419506566919
-0.776922344029868
-3.6344299333985517
4.226997591331024
-0.33020513256455236
-0.18498279410675716
-2.90208862217727
-1.0321031953977156
0.039672863739323126
-2.435278245080681
-0.2028289221567219
-0.8680424185425916
3.1688828478655555
0.4557514641513963
1.7405033341288032
-0.6658267394418671
-4.066404566779548
-9.115939993595335
0.58397301707601
-1.834779815440766
1.2120264894823418
0.6242232272318354
-0.31110040360631164
-0.5415215769290224
2.6147177699272897
0.7748521896528328
0.1833939719795079
-1.8584488891687128
-2.7427644933347257
1.4843502661210077
-9.651572585036208
-0.09576261974028034
-0.6426414301245542
1.1157695283474698
-3.031040162120322
-3.1362128064177637
0.1008041757509747
-0.39366707093976444
-0.3769555698827262
0.8282891502996913
-1.0877682676408593
-3.017717142906332
2.58629908858418
-0.1312090740881989
-0.02637642408067384
1.279587593034728
1.5448348668375642
-1.1675215239044947
1.0032634466124417
-4.228822864466033
5.666760737638778
-2.0854234711876964
0.007961334994060532
-3.1579796802388196
-0.1503189369078611
-1.3718881580340998
-1.2233239121120374
-5.58456549330089
-21.975661856667596
-6.13699370301401
-0.8448760640175783
-1.504842867900395
1.0834792772866635
0.02501126345786066
-1.51103596809745
1.3483736498462604
0.08871600214019797
1.0332887468834957
-0.13594615606413166
-2.7020019165605187
-1.3257685470892429
0.9049594666939168
0.6277741831209241
0.10890343162400788
1.5971505772354602
2.1677721744191
-1.558753103597757
-0.8419913905985551
0.7909071949456525
-0.3868649316226648
0.15135985327245188
1.2526351632438366
-0.6857067432000006
-2.2514363974106457
-2.0803750615482537
0.9147049373187763
0.2457208182311493
-1.0584543726397002
1.276498158835538
5.481764581454564
5.57484408221472
-1.2243163522129847
0.1762666313374518
-3.7210315701759353
-2.864597062606595
0.7433174661818922
2.885352861375134
-0.6350289498667062
-6.930163780503554
1.015807590749021
-1.4093559808675042
-0.8124195071144589
-0.06022387103168173
3.6380503215014692
-1.0295207182745933
-2.3198007370884377
-0.03710271272697787
0.46242348978079906
3.5606706469108524
1.1464847534630138
0.8312734872486586
29.057412833445678
8.382536618496507
-2.9418476353678806
-0.9871612365709324
16.027605685358843
-1.0535770644467606
-0.007276285876189967
1.6263241790328813
-0.08539269119115733
-0.38128992482458907
0.8851493805123313
-49.054578916287674
3.1211070916153862
4.062634444633137
-4.21388506865069
2.103416156834158
-1.021855202965504
2.174928111647411
1.511230411384558
0.7658818316931372
-0.001250744776311892
0.5057025511622317
-14.937653355988422
0.006150788838912289
1.0359341530263326
0.6074293622481758
-8.24874298030748
-18.95653113924838
1.6027452746859392
-2.6496639088560525
2.1635195632085167
-2.177480159774362
4.334080049090226
0.7306208931759033
-0.23503528637383994
-1.0136214936036176
-0.013650524414031272
-38.46947901088885
-0.01365777742548714
-0.7149335619573216
-19.98970889328938
-2.020696826807743
-0.7656086786476868
1.2135063282796728
1.3060862260932289
1.6698215499392142
-1.608207383364951
-0.665096263471683
-0.08369651416051281
-0.032364614258338545
-0.039206712873156115
-0.600234906585334
-0.8955668005502471
-0.23661871206817792
0.4323616397846133
0.7916151665558727
-0.0757691545232464
-2.0773949309043096
25.349478192382094
0.4719885884886449
0.5417606083412798
4.084454199965034
-0.729894548118839
0.7100910358700276
-2.6598557620622545
4.444725072427145
0.9025320014089998
-247.64338252939282
0.5953692991475041
-1.4049451108837971
1.710096122137631
-0.7986604008129977
5.075031223071365
0.9915781888687184
-1.4895739194272828
-0.9875699854887909
0.2806860326362681
3.3272113232437133
0.6802022811000407
-1.0844271962567587
0.1592183863080325
-0.7996755822356413
11.105074267163541
0.04858038185586239
5.2748456086069915
0.4100745937522893
-0.6575586295601928
-0.2788362898676911
-11.415674695764558
5.442794447959263
-0.5297906590898273
-2.6598981816857323
0.18178031821828394
5.406416009862667
-0.2504216116751156
0.8920334323721579
0.3791425771505157
1.1029905446776744
1.8987745407788927
22.931081600535602
-1.9965786894439974
1.6024796856902637
-0.3054704470573954
0.2947213846172716
1.7158363