782784.1881089458
386739.72440928477
149414.24265516415
530480.0816129231
680693.216872607
824596.4461839104
628400.04731479
882614.9194091042
432672.6534933596
797535.1768458954
408666.7753424686
417967.7355041918
214692.30285979895
820225.2392280148
861191.8616449316
895175.8045260261
226816.1594555849
420263.5509460501
829968.8985954148
598454.2814118381
149301.09187261236
4979.672396396563
652190.551704425
96939.70493325536
121352.40852507128
449365.4426272235
556464.8166172288
775135.4953534561
641565.512028161
251521.54503188387
887289.5675491001
335085.5019908378
916745.5560576792
404228.8617551579
515050.50115872663
-27388.578104504857
225666.93261836004
450106.7543096377
139271.67027828307
608866.8754305858
398267.62311029754
675978.1050398591
594374.7460307111
500402.67425035033
883021.0518982863
376018.8033243576
488743.18211959885
544839.1033700368
933115.2533291532
1575.2274704762676
932940.9704260642
196288.78414238564
91432.32469727818
-28911.531018054615
725782.7726445727
662179.5924880971
187907.04290161192
263334.2490458371
704333.7274203837
473042.04512588127
913874.7419531494
287543.04778805265
19163.245331971048
21922.945428720457
915391.1051978578
599782.373091858
75586.78082996122
874163.4867642191
850548.9943592136
641300.7932431909
807192.0439325264
688538.245918252
493768.3148074077
803961.731528134
887176.451980733
695206.2151873525
393676.71440245706
755675.9512700842
682317.2987669812
308056.5225965744
371652.157021999
134331.32140942864
500586.0925114916
587392.6042571104
132204.36403468167
937517.0516667862
149291.93681857592
40955.97205679373
785964.3960795016
687120.9309655163
168026.9121807944
162264.6603668351
322874.073957537
872748.0868015556
736032.0437578373
841085.2348775273
61395.619774633305
398422.68668088457
633011.182847041
590325.9478147381
417384.10262229946
215349.53559066763
300753.3987718872
297793.4674054852
495520.1673151923
561942.9901322403
317482.8860089032
539338.0442451524
770418.4178797229
553059.1425050416
748835.248134264
879783.2541392022
831041.4680695889
-42669.31767658717
71162.01706909557
516566.8916536686
835376.1015634905
-11494.47685383782
902655.5092848652
429766.92550276767
413893.25540739245
296462.1651067069
784741.7326998825
556106.2858125225
86940.05059929437
806015.2543910912
-35952.29712443711
65351.677185105524
33769.27844318205
170723.70763606354
151160.09309881245
337300.18016653176
613494.4344998716
615970.7227283893
264516.00926095736
810400.6154246147
796151.0625077258
834994.5108689255
665341.1341096851
541839.4031640119
945523.1120930251
906393.0255854994
701178.5256541442
-14307.835790074394
585615.7264831698
127533.96485715234
676340.3420488519
632098.5548637235
811673.2850756884
71351.15717733858
747767.0286390049
921705.6778811878
924845.3582331621
264472.1192489255
370170.02675678395
669654.5991579172
785048.3343804618
730814.3211871624
718769.105108071
793926.7702721498
534318.2090162942
-31352.80737787789
910317.4926134379
25413.178759172748
221660.49874106015
156823.32935584613
260177.3539689319
20768.224582188792
515166.25376882066
290732.3344272507
130495.5229300592
714840.124920524
226042.21760306694
767340.2669617769
905524.199752954
347308.700408615
314393.47351070074
285850.8726259811
909123.8513049724
510710.50336090685
669833.1418820871
173542.5486699725
510598.69603047404
483316.93973579665
295357.82101014536
309147.3763932275
280936.9796781643
527045.7437131437
629006.1388124774
523470.00055911916
571543.6509319918
10209.75786927707
453469.97982126876
532792.8271513706
556666.0655162033
682553.136090384
171553.22771756002
255442.62943882408
152349.59470661872
701910.8744847242
453009.1796088701
622206.417676547
873231.4853872971
263714.15813932027
236282.59928334667
528039.4720646398
579417.7759800034
464579.10816736985
214398.53079000599
833016.9788353126
800132.0816744266
432565.34437798813
370710.61771766806
931158.6918256278
632871.992411135
11538.13762386173
939895.2319552583
142449.82351826955
172485.75647216316
302011.58779507736
382305.54080154805
505060.57259476755
-16491.07636241227
281119.2122019575
6481.439572738214
514881.65506599937
310235.1600101258
361859.4664087902
318360.08031516743
715870.4546472575
47336.42278378962
558772.7258965907
135392.8897852394
825382.5877067993
622121.592288796
88079.38349726278
717016.3624997569
-27866.839417174782
543046.6857940789
247545.06209861574
537715.8997865483
921281.7159414764
175109.71914697587
532764.6454513206
676621.024014863
774739.724646401
903665.8675708503
716676.915193152
578071.1825953434
900909.5814209138
761328.53738205
487626.6183416124
893617.0695098741
258621.0170074097
477708.57898783183
459997.27376059256
284369.96408176376
269904.66821764794
86982.74556646749
562236.5819880727
262080.34155924013
304791.84564779367
359259.60365642153
523751.93019873614
747932.8658356008
877515.7866947794
349871.27011057135
830255.2734579899
668438.5792487528
832457.4827488952
437944.8188183407
482130.05916666635
468413.3063417323
436325.4300410519
744084.5861866924
225161.96238170954
513524.6911772826
138842.43520792644
527012.3105424002
831758.9917593483
375580.7417732631
351224.3650499503
443476.04216808703
105373.8885710848
-30463.148116645254
733173.6418673982
163327.28052148642
747777.7424917878
303839.5130816316
280515.7825470766
465028.41531119857
204194.57282512914
859113.8155812727
564546.4378048176
916382.5903717268
726600.6988456018
923541.6978145019
74551.89968273317
158441.03139389757
768115.0914836853
298404.1253790993
938314.434735434
870507.9248756897
600088.6896836763
784445.984422382
755180.4654600356
76545.50487619909
422276.65941380116
62778.15437517136
264674.8632950952
851882.8903373705
115559.44536241461
778620.8316381118
305790.4774700955
-11416.895367051882
373302.75322713016
285099.66016071336
350909.95732321386
389170.54606452386
37622.57776446159
161642.75757677754
636776.1205016852
879552.2079043522
621672.1218494141
6976.969274619485
389455.70287628676
813140.9688768908
403746.1634080355
586815.4674469902
365112.93933823565
353576.0618173925
927212.4032343102
315626.3443176462
523198.03247954266
670184.158994976
227736.35578913323
812514.4975667684
657444.6373256204
776612.7696371584
75861.06216081539
327498.7293259479
161554.87049478063
115617.05764359358
-19718.529386400794
756150.2411421498
531457.1644123867
44878.36613596979
853767.8802552718
308481.07107044134
791216.8307448353
835495.3007434572
563786.9702216166
358657.24634216126
251792.13413251447
527830.1849594808
378165.523792583
362162.6543295618
318033.65447402844
438794.64306455466
512747.084987264
415113.3702002075
688024.2754595126
-24021.04243579346
817643.9848946293
407060.413242572
228573.24200155784
607353.5734968163
766587.9972217315
740775.7397475145
892671.6074522279
794166.0144055572
130566.66724863634
713173.5350793223
641986.7137787176
930170.229223383
337026.5926396326
540287.4249761213
687249.770182118
947555.214540335
395224.46624274337
-12675.440126104397
945830.6899705628
378799.29274026875
421000.9404181239
609289.9819063429
389813.70352785964
865414.9037205889
93774.96466899186
71052.72219071128
17211.013057782315
893561.8130548466
744711.384175189
403822.2367616074
453605.55586618115
729044.6276263382
468965.5672557517
65275.058176194216
945965.9077145774
214946.5086307187
288014.53615386714
70711.63381517802
166102.49234215563
528620.5402232953
-27049.82632575632
238425.55527012068
406572.0809045818
488494.0030194619
105372.51023136268
846087.7702666884
163603.44114369946
390880.4689377337
753465.2299998971
160141.47636388836
670984.280100341
815741.0453141737
346813.384275017
837707.7361044282
319377.9372669739
588152.6546880247
346051.08535735455
341170.16550911433
369257.8327090779
284022.497877644
886972.1180242932
561273.7641052227
140808.67858689954
390708.97239937924
734082.9040708505
788316.5627393505
223364.5562244965
509232.7794753666
835533.7253839484
357007.76601745456
949040.948558886
609322.8064303743
872331.500340476
940215.4745849768
272475.82033702196
348262.6540904358
928652.9888557118
868238.4863367224
190562.26675677294
808347.4954977187
779868.5055185816
217798.3508262781
409844.20585736376
813589.2602797933
545542.7201365586
859572.5329537
394122.08651083504
61496.84691820627
198663.1679622432
346196.9661216208
232750.29602649284
-31647.592097943278
912748.9723834078
765671.8800797869
37380.107821556696
947937.9969092004
916425.5674572362
785465.8996278333
78111.77538549535
404869.43088863196
300474.6458656197
76599.69326627185
627273.024469937
60958.32622999902
789233.532650622
598907.1195891203
363953.4088546909
932679.5792062244
124290.5352480879
480239.5643380786
563992.4850697514
797276.9882719205
248520.0668130645
-47083.475835200625
815966.2939556459
679059.9463971124
691281.6323304768
797411.0069318421
-36194.13670086398
329836.44940407324
702247.293530531
865436.4642225736
339644.38545099634
-43309.07703014648
126898.13727124949
-39574.616064461065
805205.9308164573
470209.02711149596
26387.16063083583
412936.3909631011
573710.1776663611
638483.2294651325
658222.1948202854
278229.50169082044
700511.734880607
381784.55319971475
787593.3862294845
119436.42050264595
393052.60012962
291452.68968238996
929361.7516700586
670658.4740238378
672601.0190502602
823886.8200615982
654820.0116036333
213705.2836239774
254090.37929504877
944119.6176341763
747808.2896727666
80239.27497389277
809661.2969298898
175375.22498758146
717155.3247761582
130112.73367718351
69432.60687476864
682128.3914874154
4882.698879277217
797202.6170273941
498340.59572883125
790458.3338821207
837257.7550985151
254863.53528978437
478960.9513733372
16067.68302070687
307480.1751002521
159906.26730093165
74718.33222730889
477910.36686583736
72403.73637227797
764074.6414020958
109780.16538103158
914271.248401903
773225.2244664636
252280.5031139796
316747.6552701384
35726.41957754345
68932.29025812745
377255.773898483
662380.5154136827
82213.36525302939
54232.78907588807
853299.1102883872
724232.6998607881
429793.386767667
656118.8022009631
34679.419809229556
446640.0031989605
543819.8530332358
940426.9387271773
695165.4481707236
757608.8894122725
776670.771919374
859530.4009965999
634495.2599132138
837170.1750971774
537600.2196427927
699131.4518480303
273508.65665114706
907876.1956053588
174497.33347775825
911044.3060082475
148984.41415143752
127970.04025358666
812201.4099276913
910659.7332658326
-13.340924942720449
245432.15977814875
79134.92706592467
934929.3331372129
635560.9258625442
-20437.567228967346
739499.8818601972
535150.3433430692
74032.17068899742
112063.57842954743
307094.36640800396
919772.9874706593
542336.6118509527
218918.19206027756
166297.4889367848
932471.4229191578
109461.25460183847
580183.0794976003
754897.1148552767
752348.671212528
603924.695763292
527359.2997104677
256876.61328369298
181649.73694277814
199189.154846302
647499.7408126872
380388.8974019231
86683.38428814031
267529.4987662137
477506.4737558471
821299.4126014394
903071.1738730542
929181.8785377132
232402.20269566332
245383.37074432353
86712.02445717313
74439.97576672371
914362.0253966418
219311.9414472439
265356.1596695514
410601.5067691992
356459.892785614
711487.8157901522
220040.8324170388
400652.37463976524
494785.88021067914
342767.12348031485
629725.5528709486
222117.94857281604
912692.5810318203
471877.2222174542
484675.30290749785
20592.25443612205
349345.92360811785
784738.9414158011
-16583.250540635767
132133.370440422
914154.3058546704
596563.1619791272
819733.6288372133
90192.1736153716
141917.1973852145
27284.58895754254
635480.6858804047
762097.4989205514
66681.974779001
570788.0289355111
222157.98763807007
127749.58813905562
277657.98782287235
284615.9205718359
-9354.765975726667
165663.4789121106
773381.5127397212
842528.0355513723
824946.3519146886
137144.06019474272
90463.82721550789
148218.08644487592
754994.0352891128
224673.67277836287
721625.4332548673
605535.0946304104
947634.4526763613
682250.1403589197
248817.02229580632
108180.31711423487
362748.1970449569
787492.3694676128
147265.0618398507
446675.8953643229
262258.77869309473
-39046.313666882226
8750.285232012313
533970.2597392915
858230.858348596
90799.84147068125
929754.0501499521
198738.5459843756
219625.87368022196
63126.075041925404
722681.5580555202
351980.04621787544
389791.62875018164
136206.870159097
435173.92769669776
398857.1401182464
862707.905108851
416990.8710698804
456882.9735874635
521850.09464336454
470550.4989886227
346463.297605779
644233.8675105707
816832.000788803
429933.48618721886
765119.5956072127
901010.2687586667
880979.9309017945
334284.1464359952
836533.6430191292
703231.2222183415
122305.88260350664
199725.8421898303
814591.6825009332
262256.40585738735
394663.5110845043
-47752.82994437442
25893.75457727487
221168.37834331696
266040.75621337333
182223.91785976404
481320.56071191863
616944.1084381337
577402.5915105975
788765.934886206
17103.708615477764
727669.672568264
709664.5828436418
886467.1273790542
757242.0673417125
445010.57262864267
358930.4679890352
278980.970064246
98911.81648397844
-29753.681090455353
709844.4154117181
548887.8487161808
131333.91048057613
476469.1499308094
450001.7978365194
862578.0455371836
412642.4047859321
934770.8882399107
394379.0397030579
518712.08748160594
543846.2518476724
248771.43493270106
156334.29657636426
147645.3635163523
-37005.32412972119
89504.37282789953
722389.7016229411
32251.4323785678
748598.7504646198
856556.8978230811
388912.0703857019
888200.3066733438
586490.6281194133
652429.8037451053
508607.0591253998
823067.0349836218
859913.8945064597
332999.47734739026
617938.6593325392
152124.92883197687
448488.95309786155
464760.35460582323
507373.85374713375
891643.523847925
594903.229583805
882294.0786766221
833181.7470580309
773586.1341814969
630338.7780089166
856610.0969512794
511145.43224486336
5126.598917324074
570893.6981918992
150936.00584627636
333769.31581019034
753677.8190731701
185026.62930912588
884533.2625007341
389810.2580090596
407764.0442791253
80826.09881785267
523210.91439572966
87422.61103329933
547428.0857497437
164311.5177967029
-5781.358554770646
634740.5893049893
712629.7077518126
786289.525577378
209051.3306108415
335253.714833266
671193.0162464537
180128.27124327773
876655.5963271745
445260.27714112384
455121.81732872897
-36665.45422548024
-27508.360306237446
903084.8509569146
23369.927858767056
235688.28877438046
12909.3318302002
202159.19932624232
713271.0786376046
27180.08838667923
131739.31282414647
635677.8049487316
187872.3861758384
351193.9666118505
475659.45120108826
924253.6754320881
338905.34071311477
734293.6889209854
663435.5764194081
306969.2686787257
815669.0946459676
395653.6661103898
806123.2889635414
349322.2624217677
661587.983126648
78615.23360298143
256198.53176628432
726982.3634449482
590087.1844637543
435793.89902241854
98049.09440875158
279913.49356426735
189623.83573907832
-43575.871948451204
195489.06180950237
-3186.1516034177985
548602.3591273865
697381.4757765685
382533.63421040867
779797.2319915566
931605.7395821665
725399.0044664562
311685.2090092865
656853.0483951513
-18287.290896866827
79927.21646564286
318535.3933731359
901868.2609843808
313390.14847567776
764183.3261363544
898784.148617021
319054.3239017414
41571.577608076885
226000.7410416485
776213.2667824109
165111.09977023312
122429.80411527099
756270.4678922435
492738.6412096189
233125.45939196763
365106.22698295786
113466.22579298363
638405.4519187089
278086.6511644397
530420.1189206273
718503.4483248087
910834.4751450331
591037.147574257
759469.1805996567
628556.1879076994
778094.8296842113
534655.6111033303
460815.13500267663
777904.4051391885
335735.1216796697
685321.2072426024
41955.79888180805
363941.42312990234
-35405.110356119105
529833.5189098766
147917.31604843566
752217.4964641255
262108.6569049614
571408.5725144957
126768.53578522912
902614.7381884315
41865.9571332655
151569.7581503406
594721.026082842
923511.0415742255
649773.4871792134
809720.2686204806
773298.8405469777
127856.85102006578
471449.0020245782
907218.3521243292
400906.71771125233
274480.5074950124
417375.75322964555
413393.2010843828
842307.7287811085
769048.88645465
380521.83065243775
207234.89877191375
671591.9829105957
553058.9906504642
252392.56021644425
467724.5930593942
410634.79417797114
294038.7134967586
392434.81494343054
379762.7278754762
108333.83824532464
747200.3647909473
413360.9793485964
643183.715888636
408431.12026888935
397350.76616858796
342808.10737422266
585405.3525799953
894776.346071241
943274.9521866316
867398.3389137125
724912.4847193272
865082.9959398645
856506.5136640464
203997.31857871677
577809.8546161673
219095.28986535623
581974.9037431985
-27818.03619860097
-47298.06052236458
-37050.60745703055
277059.0252313305
134280.5696055453
298400.7426766423
730978.2405934582
644025.5211184407
411148.2022362861
-16846.811114467462
685862.7829951693
701564.2374415057
472730.64513623493
470824.9047409006
423035.98326145613
473527.48942416126
-22988.319424442638
259942.37042263284
662617.2280538952
567527.1741624643
385825.9480056992
947388.2836073452
481322.9649804777
632546.818155471
459650.1428265909
88743.22528383564
586482.25860664
677038.0862004652
604997.3554956187
561395.3094316364
785340.773760631
-31124.5289108389
14895.092758197381
131687.82225912006
361812.240394426
354614.4829302503
658675.5773782734
588122.6051002986
432242.3876328068
316153.0600266871
485352.88312982675
608817.0052852165
711444.2646602427
-24878.35787575816
497140.83746062405
580324.317663536
605796.0423664849
110367.25581031287
800592.3543680119
463943.90456987685
139009.70484288648
506337.0044417165
413713.20013165975
243087.37629416172
342661.43212672643
796061.3140306849
518501.1426371435
303758.3952707126
895412.305180557
-49578.82626976824
861478.0798198178
222570.3348894525
910633.5210367679
910823.037978876
21803.782076751086
467715.2986905114
336387.83834324585
468972.97704631306
785649.417179386
280744.303965961
615473.49918361
413170.9917497274
203455.93263702048
736683.954658112
112559.19133681673
855410.4931967063
348234.906541132
88042.93211251928
234617.2525866764
403309.01830391923
488419.10488123866
69584.84842624773
717422.4799504807
763330.1144324058
273285.12615473714
862949.8827766577
96074.10440713298
126275.72289729366
589115.7960826069
831545.2733275203
566554.0366926049
