-0.17186345934997216
0.24893325961547355
0.09634690473641119
0.17258936650762116
2.534752893725774
0.7310273385603887
-0.1663208230073454
0.17304313383022962
-0.0531796882863823
1.707631768565246
-1.6347742653847464
1.0805458462416175
-1.5488563014616141
-0.7144029789851674
-0.3833981465156171
1.4561831007846648
-0.6089142014305109
0.1361365119572379
1.429031073338612
-0.27626414473054656
0.042629205539988925
0.25325565792665183
-1.3738100892383214
-0.44606716070523406
-1.6747076517130268
8.54033758163849
1.015467022737135
1.3001468443728672
-2.0394190147857607
-0.7539115782045386
0.130348578383579
0.08819389780401944
0.6068024510295585
0.13584423500438575
-1.73537219594552
-0.17510805537439023
0.0491652551025617
4.456303390021481
-6.376631088517254
1.900485333726423
-14.589996583555667
-23.257391098130228
2.0868544085361647
0.38971492129400825
1.6973226506517136
-127.8767822924233
-0.7925548039394824
-1.655314533975701
-0.6792156048740655
3.46136843949937
1.7418840130891067
-1.8117126202116878
-0.6665080719443094
0.6078518592154969
-0.5839820867254184
1.4786198387953275
-1.6977277553192758
-0.3429309160043692
2.740021174249966
-0.12778453892806665
2.216561678164799
-0.7517336377081187
-0.5077834041111652
1.2914043431591822
0.12157387720728088
-1.8337867111935382
0.06166256560093791
-0.39600816324690985
0.5238073894370155
2.5850065859158446
0.7638354055271794
-10.33913691747572
1.767188254266693
-0.10322367070135283
0.11184786989695829
0.03529646053289553
0.6803097932073227
0.41804883721006764
1.8423931097380808
4.957777188396384
-5.645755921289373
-0.03888499816769985
-149.26233482024506
-0.42157083719515176
-0.13889669701962598
-0.17125549466855314
0.3228955667950525
-1.4634907085267377
0.9241608419268516
2.6547469139407007
-2.3658828541191257
5.791276792563278
0.030587032984008375
1.8769192969136175
1.178897237085745
-1.0294273179048383
-0.5798271876712668
-0.3957447454354729
-1.227795066334866
-3.6436772173953957
23.05253059055696
-0.37369674983861834
-0.826571217255773
-2.92928324338314
-0.10068100793403413
0.029007458685545155
-0.1864956917568884
-2.281732069878969
-0.731791421646546
0.6920885082690886
-1.7842604314051704
-1.310386902291953
-1.2472783495985764
-0.20923096834076754
-4.250273769961999
1.939785422205304
11.261785080510283
0.6999101312332145
0.6017221588179841
0.19448213823604568
1.5225730423484085
-0.5578296802742261
0.16360371329369752
0.4273151664923624
-0.40463555858030986
-2.4382794693310625
0.0894406032467654
0.2733215822204908
0.30825157048319096
0.13894597951667456
-0.9873269436874934
-0.05673956132984002
1.8690325314719165
-4.431593837347323
0.19337155184790136
-11.479352010567473
-0.9746145309497066
0.02425400929477461
-1.8099336828134736
-0.5548753577602269
2.0282460653691596
-0.46745254837000366
0.1800218796047375
-1.6385676342879696
1.172670806778519
1.5960471145905755
-0.6465865742724548
0.8222868043713314
-2.29126849903672
-0.8340668121201731
-2.1641930161524976
0.09269390550777797
3.931476259094655
0.2911296490062912
-0.8321221402434922
-1.5840907789294998
-2.0256799213673786
4.074875710436861
1.4919275490458461
-1.065672556572746
-0.8911671833059944
0.2954800914274343
0.1825184736855298
1.106213845851055
-1.1478320405959557
3.706494002193169
0.07531852749865608
-1.1256724517721979
-27.4215373221996
-0.07465212491058011
0.04732051952708071
-1.5889230506077678
11.570602326534676
-0.02186632131955548
1.4224763665677966
-0.7612006079908087
-6.216373913438669
0.5445748633421055
0.35873041000206424
0.7371445649399649
-28.52447084050088
1.4607220043986564
-2.7022743595577787
-5.235213604428637
1.516007349234768
-1.738009044260718
0.056691514329789666
-0.43014887414929376
-0.4236146014815166
-1.6170068155131654
-0.017352033362187345
-0.4444810416995688
-0.07028388456583078
0.8495816093868637
1.4910914489382636
3.4854393034695055
0.2850473853407053
-0.27592348211757006
2.5764489533048085
0.5938111184626582
1.380039263868429
6.8705491434022825
0.7997373763991292
-0.6185960496386694
0.2813004525619813
0.6535250073685741
3.2993587889474822
0.40703293578216837
0.599627788695935
-7.9717531791198795
-0.15243279701596532
-0.610486894611807
-0.49171613291363453
0.05413235599548425
3.5191961644323473
-1.3470271857432339
-0.17676780923894866
0.6664123934079005
-0.2517026677675812
1.164443704383877
-2.248952224702027
-0.8629289255911277
-1.1534221479119513
0.0769320202734281
0.34692007740269143
-0.2533361958994592
-0.26187605681314957
5.790635639120261
0.5535678798666356
-2.0751209737090943
-1.9422230207045885
-0.385849938536982
-0.34119190873786753
5.0315553634812185
6.757383328262439
-8.219638486973276
2.973681640076894
-1.2932410029095134
0.4280752290887592
0.12805957328037762
1.2632636389693037
0.25055219527801303
0.5285533909969141
1.0232415644390196
0.5544430245060892
1.5075953402214255
-0.8301618161910554
1.9222125002949675
-0.8686480671679627
4.242969661175347
3.080401604964451
2.3799769474875574
0.5004083281712536
-2.382641132253654
2.1855190397460533
-1.577329159917798
-0.8766007092375355
1.6229211086833144
9.864370149377805
8.431027068676826
-0.9174655052525779
1.0495759031859022
-0.38308214722417017
3.7615041364730697
4.1883196514149805
-0.15778133211630918
20.088733586822613
8.248614029054943
-2.831028303330359
5.9033293555942485
0.5721935712302506
-0.9141936774962556
-3.6007216286231825
-1.3949541156819976
15.847035931833544
1.1981673216574833
-0.04400688002899631
-0.2575986775239172
0.8737555642622589
0.36001953637438616
0.2010905545236858
0.6689242512338728
-0.6864744367128185
-6.2529884301348435
1.1994808136633894
3.8197134857968047
-1.4907842189736316
0.15228209757158376
0.398937037944712
-0.16865701947796707
0.4780683754375669
0.5144235477177539
3.9387159608403617
-1.2696165568552837
-2.1594882215620808
0.6602580553433027
6.682473551823912
-2.8705597073785953
1.91286993548273
-2.364761152548387
-0.052871309821999696
-0.9336073671012277
1.197177887861982
0.5600821733738299
-0.2836617760598729
3.3633476306892
0.6839481575662888
-0.568741949641765
-0.3001795525830429
-2.4011630931448655
-1.0263230835929393
-1.2570759677581762
-1.3035159930835127
0.4405174106742196
-0.36238337754907174
-0.13626240632242517
0.1275321836943143
0.3549778644068154
-0.5820069165255364
-2.1523178374669762
26.00713667308798
0.44940650166032353
0.5628809740417716
2.5812152575321377
-0.5567476761784201
-3.0627415133542177
-0.6830281409281805
2.9304174625720827
0.5689499318165181
0.18479204291060927
-0.9630279161775401
-0.41590134593213346
-0.04484057668963531
0.34648876483311897
0.9591979516529611
-1.109505782447418
2.989338348791734
0.42410960214029547
-14.242883536056762
1.6441417792265118
0.2676924476547454
-25.57534305819446
0.16631467757869117
2.9865981913275195
0.3152075436415611
0.2219294234496727
0.8683995474658309
-0.9582133901025732
-4.187182147871213
0.46803833639239595
3.6146065761323163
-0.1061954802960129
0.49873829553514504
-0.23822650329924475
-4.746248258686708
-0.6135051684077721
-0.14783944598574425
1.040769819083725
-1.6563755602578458
9.39978535058069
-1.4752226363736896
-0.22744448846958173
-0.4525909186750648
0.5652826044405576
2.022071144042285
0.40557636467585134
-2.011528033534688
-8.304638589820994
0.9474138510286862
0.7158814166396257
-0.34709898286335844
-1.8056501229045463
0.6649135185182161
-1.2259903471798541
2.520981910147582
-0.337665948753444
-0.5967082734421681
2.954843315765047
0.6911109253161216
-0.49041403019686625
1.225129960595546
1.0600341897602588
-5.263863850883352
-0.9306569697321332
0.07804908369992317
-5.66636011667368
0.394130457994047
190.68013638666366
-0.8067702460471724
4.875661799203897
-5.332076974343132
-0.012766311419365276
-2.7715384646337777
0.443448445401717
0.3687147766070404
2.443195525859373
-1.4102115534574537
1.380193132857072
-3.121069789646054
-0.4170784510397176
0.7863597149986176
0.20850671833449835
0.4859777446552628
-0.8657698822935137
0.7825523696372702
-0.28101794649152445
10.760205450760127
0.3662044648197484
0.33137519127121523
-3.3350025736528397
0.3871563146936293
4.582129032890089
-2.6435421139793482
-0.22408779249107122
5.179338735035921
0.4285511158132399
-1.9011509528530641
0.5289140316499349
-0.7048203661427981
17.27441610883463
-0.5639436319449047
3.829844367764503
0.5870520596211126
-0.019051324697554807
-0.03781047913774173
-0.7535036065018925
-11.125001509556329
-0.5268841058989802
-0.14115981832582541
0.49563176158845673
-0.5995867945751832
-2.0407722488343594
0.32967690162051044
0.3826133206967386
11.83320342496673
-1.0609581254615643
-0.3933741002436244
-1.0167311137446151
5.814432005467257
4.295084792447071
-0.3467126602997472
-0.49597780238446515
-0.002234206780455286
-0.4889995051202598
2.2766875015698407
8.453403920360389
-65.76122697796062
-2.1052448287223395
4.838860822791131
-0.13751712051671097
0.17240243996914728
6.363292531927802
-0.267219731280767
-1.2069581395859272
1.0552928115829487
0.06769049270841673
-0.2268196879697726
7.510568698189613
0.11328119147127194
1.5548638595819761
-5.144495923212302
-0.9979125759327805
-0.18274457198779895
0.15943639547114552
5.210631442095834
0.7509449831280474
-2.162298929613047
-0.5664392622532834
0.18124031643418986
-0.1003990002753914
0.4353635672183847
-0.3037634178081873
0.003347087361593814
2.614850166030251
0.4992547723204008
2.8964406338837523
-0.4546762061174819
0.46351837753912994
55.348713616012
-0.8394729423335897
-0.6941262070380685
0.15344880539403374
0.7394327287778711
1.0389281402997461
-0.055266547571556454
0.573207462229787
1.3113370898398762
-0.21815018351976678
0.02659907994699111
0.025743810224441558
0.6430351221259771
1.324036408416555
-1.0947732311922789
-2.494622875803208
-13.181915227163035
-2.2732066609125763
0.7314314630848604
-0.6768461166029953
-0.7377585523028697
-0.9324052442747631
-0.758630098316006
-11.173788744033873
1.1522572514943705
0.10530857509878452
0.8407739974676502
-5.857764287377641
1.5748961541702196
-1.5395357673526087
-70.61745463611247
15.669709764713977
-2.832402632074966
-0.8728737459667417
-0.14397404193900887
0.7040946485352458
-1.7165903831635951
-2.314741215508449
0.5890594113205156
0.27421663895288123
0.778991185584146
0.7823659431233738
12.354526547432968
-1.0763053106214981
-1.3557531822037832
3.932257042479207
-3.7519802809625804
0.018594487089239383
-135.24375747257974
-0.06436586352101703
-1.0271011707863094
-3.7090264391224124
-3.2694318460716825
-0.6124381093176061
-26.205867010202883
0.3669493913396576
-4.051853706510009
0.8996137729474943
2.4853051834245816
-0.2901929547463179
0.23195136496122007
-0.5936630375318184
0.9536633965012635
1.1092453666871194
1.6543593668753114
-0.5790905899070914
-7.413902376446457
4.361817040943619
19.908222949675956
0.32927252827796344
-0.7161664766369688
-0.2282039424072052
0.9129407951807942
0.6880386672248157
0.10940305611697267
3.056778595589779
-0.047121231627683585
0.07589762645210239
0.37416486663718557
-7.3312971360338945
8.987180217392387
6.703758234312669
-33.965319986411735
-0.09930949867994306
0.8614897756244606
3.416124831967856
0.785343998283827
0.428820583227883
-1.0759989208229805
-0.012416185871320316
-0.9785441526019893
18.536775410805767
4.449280079088488
0.9976202095623524
1.643118229314733
-15.657886190425895
0.40770590398834744
-2.0431911000959735
0.5991675147452704
-0.1748670396300755
0.6034152743530339
-0.5705701870636124
0.3430490804772766
-0.6136728784622659
0.4506708466354586
-0.4234488742325742
-3.094417495590311
0.03142828598835902
0.7996566241738049
0.06261247275879393
0.7321831270252736
-1.5904106792753248
2.224765444519516
-0.30046182939580013
-0.4061093119513114
-4.554179769666741
-6.776270817541163
0.6266574346656898
1.242618678414855
0.0986920307808009
-1.1892797149663217
18.245391052414316
-0.837903268687344
-0.26115144871555396
-0.149337811878109
1.3287053638393218
-0.06224026999641849
11.435250494373964
0.546163296792553
28.879977471786916
-16.83396238617212
-1.3068911342875553
-2.9009608893046757
0.6012892732110202
-2.7298595834855583
0.9227326421178186
0.5664932697451225
-0.4362440942291488
1.8045919012100906
0.2287738880433487
0.6564130405753544
-0.18911782894047913
-1.2230738283771163
1.0728508167290676
0.562613409021502
2.7082040121462776
2.092695474156507
2.0100088248771146
-0.1513360547309688
1.5551105140109287
0.19244786931433563
-2.0100368123526335
-0.1442266206954527
-0.8022111299316891
0.5835482403653702
-9.975659387521697
11.556876329259563
0.2693860026753667
-0.13636241990653045
1.2283232083534539
0.19494180637831815
1.2522864508018152
1.6103937236320434
-0.05882545948216668
0.009748702445956338
-3.926183602653886
1.473359943336052
-10.38910450349609
1.2261559445067423
0.20853964066345834
-0.5047442033070275
-33.402471497458826
-0.6932238416203527
3.6452700148482187
-0.11190687810834397
-0.2633048622495281
-0.45368256913926297
1.7831934818830484
-2.8765786198898997
-0.2398359128274022
2.0157767629487306
-5.06923298731319
0.6013677409370706
1.3974720004914831
0.03961464472309415
2.249339218177172
24.862407579015144
-0.3046091034043682
5.620485528450218
0.27984009072659377
-1.9065681323625492
-1.5276643360584639
-1.145469540041805
-10.952324766493941
-0.02093299883192872
0.5637275072279905
0.5951131583257401
7.0398507512540425
1.540323292345515
2.258538135507409
0.13985687392014873
-0.4113573707155024
-1.4436990285002043
0.028417171727582936
-1.3655052069693607
0.25359375312675875
0.4379507180083279
13.29280836114635
-2.490541950740215
-0.16287976834647197
-0.22782406846628042
6.35317169655514
0.5980800852105164
-1.2883946570998703
-3.622138497714448
-0.6948654443026957
1.3520617731782898
-0.7163420798616382
0.927730680097624
0.26124150027527404
3.1734284788683587
-1.6369968694569392
0.30042655131113316
3.399672698367856
-0.14814025461162547
-0.015837214393653896
1.2052627278370305
6.398892309395326
1.0164304795016457
1.0026531269452856
-2.1914163529952377
1.097073207475771
0.3829517154395505
3.1051638144015055
-2.803911322745699
0.35703884754829934
64.66441873496579
4.386436557884171
-0.3883265673561813
-0.5461413461701518
0.0662329134795531
0.3941105705166472
0.5371476171684934
-0.6566813131314015
-1.0174863418009261
0.659256232522507
-2.150885912659079
3.3300180060115165
-0.9865825391460485
-0.06652227255435995
-0.5518508352285516
0.4205873053415848
-0.8078580616856055
-0.15912622856845537
2.598362215238202
-11.077939475098916
-5.538465538227554
-0.1955650008631275
-0.9094445544297672
-0.48378190231331863
-1.8872018834463522
2.397733336873812
0.3038209050082751
0.08102142553464381
-0.049297836445033105
-0.4372883751493718
9.79507425728198
-0.6542840236647474
0.3729897265056421
-0.16292020993438203
-3.9306494669371204
-0.2309131605481456
-0.04062284152711115
0.3754459082779422
0.20605902556470035
8.440880222420187
-2.051665015083057
-0.5209837397150529
0.3532744138707806
4.0443095513842335
0.23320213288207717
0.32772990266008367
-0.7013280223324557
-1.5528727768451407
7.694132237558002
1.6495311619489377
-1.0234232674707404
0.7587677982825418
17.06443456798107
-0.872343735775541
-0.06124776457706943
-1.0892090706985602
0.7495344545752588
0.26066352050825325
-1.1386396852114735
0.3432658390174874
-4.3571325818598075
2.363829273553037
-2.7908613368620334
0.48247336874207236
-1.0117621989631294
-0.8602188947505601
0.0737679389192375
-0.6480900897479807
-0.5657259573582908
-0.3992866713665533
-0.2824544204424737
0.5827198527184669
1.1467714475648974
0.9148770401720836
-1.463126708130626
-0.23785042412283527
-10.670919984534208
-2.162718311487867
-27.5695340467694
0.34509564330154324
0.2642433791504188
-0.25531869079426456
-0.1889833308610091
0.3347440067606801
2.0088063992672196
-8.639484301325693
11.95121621963746
0.03884988909070926
-1.1372057424492745
-0.013793701280015365
0.019041851420773345
-12.462415996029282
-1.6508164167367383
-3.676925651779076
-49.749305974748374
-0.01231040767354793
0.8944171364968172
0.47660990178383855
2.2942285902440456
0.3284478830607287
-0.6503947540086407
-5.784013916353197
3.8043608185462587
0.9247808389687124
0.5836295869332964
1.5427059333766482
-1.6370471944811873
19.16359435059266
-0.6387069893318678
-0.08023181334763715
-2.453887941605315
-0.1110048897993354
-3.7239361555782224
0.6456580545090624
0.35140798499810905
-0.39574602915516593
0.4919519550427713
-2.0553414502546885
1.1354160014850545
2.067558103953881
68.82700373900009
-2.596630411087243
2.243992647087864
-3.8544103671476186
0.46461331047167803
-0.2515524810185891
3.9680376532827046
-0.8999906329827845
-1.1322580440596344
-0.10187643958342786
-0.9946176880482416
-2.5700583205574237
-0.10349066796105924
-6.520856166928929
-1.9836239885652123
1.183417951716813
0.5775645852422273
0.04141246827248195
-1.7835023677000987
-0.687112493749094
-20.550787941589242
-0.17269355424627672
0.5213509882025649
0.742757601713747
0.981946231845752
-7.1822298707419
1.103747684533239
-0.8446319066087842
-0.007283812654757517
-1.5956489994638172
0.7008450611650643
1.9332413457113728
0.5193217380993795
-3.789604901270217
-1.4273030345659263
1.6289700112105634
-0.10548976779031277
-1.7414648245891369
0.32386420472599364
-0.40257203617928783
-4.446925467033181
-4.365074866479081
-0.4740208414512566
-0.5977494303298918
0.48130056222956713
-0.4058463119530703
-0.45713740418646914
-0.4682431955909807
-0.26668781609439324
2.264690888025252
0.4874309487411074
0.14911028145301466
2.159917564526216
0.37642557448667163
4.436202142957832
-0.3912866709327224
0.8854610826922948
-1.1219846222614474
1.0857089592571958
-0.3732468624772907
-1.0962166371132398
-1.7737579425829026
-1.6073331039315661
0.7738755165473792
1.4829630051456126
0.5370499384759173
-1.0471462387781527
9.47683551724927
-0.6772861385855972
10.570795968393222
34.893147294904644
2.1828350956915075
-3.480403974915311
0.7112011215892214
2.221679549547949
0.9633802313981495
-5.265690195412135
4.18599464931501
-2.3763787809068164
-0.5794696376897582
-0.3026999086845545
-3.0591596579607563
-1.468211927817569
-8.458404464917109
48.750836782053796
-0.3097292002547884
-0.5805495324131846
-0.5585878989103792
0.8370584899866315
-8.882941525782726
16.96913464778463
-3.4155547367004773
0.8614070948173117
-2.6604363337009613
-31.15380063438563
0.793936980292042
0.18012379583757587
-0.4774875722813782
-0.30525863388390934
0.6552931070928156
-0.5256989467028997
0.3283474156709595
-0.26965405149167376
-2.13608390490111
-1.6085143194436506
-1.117809873532917
-0.9706228555247494
1.0337415762268238
-8.875043479995107
3.5697535569842285
1.3379986985124148
-0.1646145110758822
0.9360613033640689
0.07936938323981049
-2.048518134859026
-2.5029847874192486
11.201770326774113
-1.0455696094876867
-0.08586205218205241
-0.5359685147092113
-0.10244164248522244
-0.43536601236259287
-0.03571812808793003
8.162871667780724
-0.21871778605548414
0.5634447514918861
0.2376030460202519
0.005173119608956246
0.37815902310372135
-14.810342647710414
0.6625784442716611
0.12536876491261298
1.3784388960952947
-3.484906184095
-4.510138565791699
-0.03288145722650716
1.7917836771967828
-1.9260232014890393
-0.07063762695144021
2.1146012557736173
3.196607806822581
-4.1921736348837815
-1.099354116430689
-0.07376369921896252
-1.4971947068502272
1.3716122762157161
3.4976634058495577
0.10964143858433807
-0.7972351338188486
-1.34605911029408
-2.6035439364671658
-2.6854840188169664
-0.20479758198182524
-0.02838368155701666
0.9857339616987488
-2.3171574839486198
-6.997575523252766
-1.7161753856772142
-14.547982464158085
2.0808539089468447
15.113207486583551
1.7821997248468209
-0.675093282480937
2.5728280381987125
0.26114631745498
